J_actual = 0.9829

epsilon         r=1                 r=100               r=10000                 r=1000000
1e-10           (14.4, 1.2306)      (0.8, 0.9832)       (8.5, 0.9829)           (>180, ?)
1e-9            (13.7, 1.1595)      (0.5, 0.9846)       (6.4, 0.9830)           (>180, ?)
1e-8            (15.0, 1.2306)      (0.6, 0.9832)       (6.6, 0.9829)           (>180, ?)
1e-7            (14.7, 1.2306)      (0.6, 0.9832)       (4.5, 0.9830)           (>180, ?)
1e-6            (14.0, 1.2306)      (0.4, 0.9834)       (4.0, 0.9834)           (>180, ?)
1e-5            (13.8, 1.2306)      (0.4, 0.9832)       (3.3, 0.9870)           (157.4, 1.3595)
1e-4            (13.9, 1.2306)      (0.3, 0.9832)       (2.3, 0.9832)           (69.6, 4.7293)
